25 24.3 10.935 4.92075 2.21434 0.996452 0.448403 0.201782 0.0908017 0.0408608 0.0183873 0.0082743 0.00372344 0.00167555 0.000753996 0.000339298 0.000152684 6.87079e-005 3.09185e-005 24.3 25 
30 25.1775 17.8149 11.4886 6.98131 4.06885 2.29869 1.26758 0.685553 0.364909 0.191662 0.099533 0.0511869 0.0261013 0.0132106 0.00664223 0.00332003 0.00165071 6.07582 25.1779 30 
30 24.4029 19.5099 14.7455 10.5021 7.09868 4.59227 2.86455 1.7334 1.02249 0.590208 0.334415 0.186459 0.102516 0.0556719 0.0299043 0.0159073 0.00838807 11.5469 24.4052 30 
30 24.0817 19.6667 15.8665 12.3636 9.2258 6.59218 4.52628 2.99983 1.92759 1.20564 0.736518 0.440735 0.258979 0.149743 0.0853473 0.0480226 0.02671 15.2478 24.0896 30 
30 24.1986 19.6999 16.1586 13.1281 10.4017 7.96964 5.89009 4.20292 2.90273 1.94625 1.27068 0.810114 0.505613 0.309613 0.186376 0.110475 0.0645777 17.4847 24.2195 30 
30 24.4809 19.9048 16.3083 13.4142 10.9467 8.76076 6.82477 5.15792 3.78004 2.68944 1.86127 1.25576 0.827791 0.534275 0.338282 0.210484 0.128902 18.7708 24.5262 30 
30 24.7618 20.2209 16.5284 13.5903 11.1972 9.16289 7.3806 5.81406 4.46336 3.33514 2.42641 1.72072 1.19134 0.80666 0.535078 0.348281 0.222789 19.5058 24.8462 30 
30 24.9801 20.5467 16.8173 13.7957 11.3674 9.37467 7.68487 6.21704 4.93603 3.83282 2.90612 2.15103 1.55513 1.09934 0.760862 0.516283 0.343934 19.9439 25.1197 30 
30 25.1299 20.8223 17.1183 14.0431 11.5483 9.52765 7.86143 6.45155 5.23515 4.18028 3.274 2.5106 1.88375 1.38321 0.994619 0.701036 0.484853 20.2297 25.3393 30 
30 25.2252 21.0294 17.3863 14.3015 11.7547 9.68264 7.99445 6.59784 5.41839 4.40682 3.53401 2.78621 2.15562 1.63521 1.21606 0.886885 0.634747 20.4384 25.5146 30 
30 25.2826 21.1731 17.6004 14.5389 11.9696 9.85286 8.12533 6.71146 5.5397 4.55204 3.70745 2.98284 2.36398 1.84212 1.40998 1.05969 0.782099 20.6053 25.656 30 
30 25.3159 21.2672 17.7585 14.7369 12.1711 10.0289 8.26491 6.82105 5.63566 4.65126 3.8224 3.11711 2.51439 2.0011 1.5685 1.20951 0.917116 20.7447 25.7705 30 
30 25.3347 21.3262 17.8687 14.8901 12.3444 10.1963 8.40823 6.93524 5.72684 4.73166 3.90446 3.20915 2.6194 2.11723 1.69076 1.33168 1.03331 20.8615 25.8613 30 
30 25.3451 21.362 17.942 15.0021 12.4835 10.3435 8.54551 7.05153 5.82006 4.80737 3.97172 3.27678 2.69341 2.19995 1.78113 1.42635 1.12797 20.9574 25.9301 30 
30 25.3507 21.3831 17.9891 15.0802 12.5889 10.4649 8.66832 7.1634 5.91423 4.88357 4.03449 3.33282 2.7491 2.25968 1.84668 1.49712 1.20171 21.0338 25.9785 30 
30 25.3537 21.3952 18.0184 15.1327 12.6653 10.5598 8.77179 7.26472 6.00503 4.95987 4.09679 3.38476 2.79566 2.30552 1.89501 1.5493 1.25743 21.0928 26.0087 30 
30 25.3552 21.4021 18.0361 15.1668 12.7186 10.6307 8.85466 7.35156 6.08802 5.03345 4.15866 3.43571 2.83858 2.34414 1.93273 1.5885 1.29914 21.1375 26.0237 30 
30 25.356 21.4059 18.0467 15.1884 12.7546 10.6817 8.91821 7.42251 6.16014 5.10115 4.21826 3.48591 2.88027 2.37957 1.9647 1.61952 1.33098 21.1712 26.0272 30 
30 29.4064 29.103 28.2082 26.8334 25.2403 23.6277 22.111 20.745 19.5482 18.5194 17.6473 16.9156 16.3061 15.8005 15.3816 15.034 14.7447 34.5856 39.4112 30 
30 23.8062 20.3896 18.9372 18.4648 18.3701 18.3662 18.3445 18.2797 18.1788 18.0577 17.9315 17.8108 17.7018 17.6066 17.525 17.4547 17.3934 37.4212 23.9601 30 
25 20 20 20 20 20 20 20 20 20 20 20 20 20 20 20 20 20 20 20 25 
25 22.4997 19.1299 18.2258 16.0864 12.943 9.64816 6.77356 4.53543 2.92326 1.82616 1.11141 0.661605 0.386428 0.222007 0.12571 0.0702756 4.95959 23.3401 22.511 25 
30 24.8473 20.0371 17.0451 14.869 12.7792 10.5914 8.41123 6.40606 4.69534 3.32559 2.28508 1.52856 0.998453 0.638505 0.400643 1.47732 11.6387 21.0815 24.8985 30 
30 25.5294 21.2493 17.658 14.8439 12.5925 10.6585 8.89271 7.25016 5.74914 4.42675 3.31057 2.40777 1.70604 1.17996 0.798139 3.97348 15.0896 20.5211 25.6599 30 
30 25.6757 21.818 18.3776 15.4006 12.9027 10.8307 9.0889 7.58332 6.25006 5.06017 4.00907 3.10187 2.34214 1.72638 1.24328 6.8115 16.4708 21.0432 25.925 30 
30 25.7764 22.0587 18.7943 15.9136 13.3872 11.2122 9.37395 7.83048 6.524 5.39993 4.41939 3.56108 2.81627 2.18177 1.65429 9.40528 17.0505 21.7488 26.169 30 
30 25.8967 22.2364 19.0332 16.2399 13.7834 11.6202 9.73861 8.13155 6.77734 5.63896 4.67436 3.84705 3.13136 2.51213 1.98123 11.4768 17.4721 22.2947 26.4323 30 
30 26.0012 22.4106 19.2285 16.4584 14.05 11.9372 10.0767 8.45232 7.05686 5.87611 4.88467 4.05072 3.3434 2.73796 2.21731 12.9853 17.9194 22.6626 26.6548 30 
30 26.0722 22.5606 19.4151 16.6467 14.2445 12.1595 10.3346 8.7305 7.32911 6.12159 5.09634 4.2345 3.5117 2.90277 2.38579 14.0167 18.382 22.9184 26.8038 30 
30 26.1164 22.6696 19.5781 16.8256 14.4164 12.3302 10.5216 8.94223 7.5577 6.349 5.30587 4.41793 3.67024 3.04367 2.51781 14.6982 18.8119 23.115 26.8845 30 
30 26.1475 22.7415 19.7026 16.9844 14.5793 12.4828 10.67 9.10039 7.73257 6.53657 5.49392 4.59389 3.82647 3.17911 2.63642 15.1473 19.1793 23.2786 26.9204 30 
30 26.175 22.7906 19.7893 17.1105 14.7256 12.6271 10.8035 9.22855 7.86614 6.68179 5.64782 4.74865 3.97283 3.31063 2.75115 15.452 19.4776 23.4185 26.9365 30 
30 26.2028 22.8298 19.849 17.2023 14.8454 12.7577 10.9292 9.34387 7.97597 6.79384 5.76767 4.87493 4.09994 3.43172 2.86103 15.6683 19.7128 23.5372 26.9508 30 
30 26.2305 22.8666 19.8942 17.2671 14.9359 12.8671 11.0436 9.45202 8.07491 6.88758 5.86249 4.97452 4.20381 3.53608 2.96092 15.8283 19.8944 23.6352 26.9722 30 
30 26.2565 22.903 19.9335 17.315 15.0014 12.9522 11.141 9.55082 8.16733 6.97209 5.94241 5.05445 4.28662 3.62163 3.04661 15.9491 20.0314 23.7131 27.002 30 
30 26.2792 22.9382 19.971 17.3544 15.0498 13.0155 11.2186 9.63609 8.25194 7.05072 6.01436 5.12233 4.35389 3.69051 3.11713 16.0409 20.1316 23.7722 27.0369 30 
30 26.2978 22.9704 20.0074 17.3904 15.0882 13.0626 11.2777 9.70543 8.3257 7.12275 6.08102 5.18337 4.41138 3.74707 3.17444 16.1108 20.2019 23.815 27.0718 30 
30 27.1323 25.2945 23.9987 22.8765 21.7507 20.5757 19.3706 18.1755 17.0303 15.9662 15.0021 14.1455 13.3946 12.7414 12.1755 25.1225 29.2091 32.8059 36.064 30 
30 27.3166 24.0157 20.975 18.7039 17.2355 16.3688 15.8658 15.5424 15.2863 15.0437 14.797 14.5469 14.3 14.0628 13.8394 27.0715 31.3767 35.1529 27.2001 30 
30 25.8554 23.4125 21.8647 20.6236 19.5472 18.6597 17.9811 17.4897 17.139 16.8811 16.6788 16.508 16.3557 16.2149 16.0825 29.399 33.7607 23.3625 26.5861 30 
30 24.6034 22.2452 21.0717 20.4141 19.9668 19.6055 19.2957 19.0335 18.8172 18.6407 18.4958 18.375 18.2733 18.1874 18.1149 31.4962 20.7174 22.7051 24.8844 30 
25 20 20 20 20 20 20 20 20 20 20 20 20 20 20 20 20 20 20 20 25 
25 25.6961 23.557 20.0382 15.9157 12.6677 10.5621 9.21457 8.1764 7.17468 6.12226 5.04549 4.01125 3.08122 2.29281 2.65398 11.9623 19.0288 21.3017 26.0234 25 
30 25.865 22.7377 20.0045 17.095 14.2388 11.7746 9.82936 8.3361 7.15032 6.14007 5.22339 4.36784 3.57345 3.10329 6.29339 15.4273 18.3034 23.2211 26.4231 30 
30 26.217 22.8311 19.9513 17.3451 14.89 12.6204 10.6158 8.91855 7.51631 6.36002 5.38987 4.55419 3.81756 4.08249 9.675 16.2993 19.2763 23.7066 26.9571 30 
30 26.3985 23.0919 20.1491 17.5389 15.1911 13.0639 11.1506 9.45818 7.98975 6.73594 5.67534 4.77925 4.01754 5.34457 12.0223 16.584 20.2422 24.0171 27.2355 30 
30 26.4981 23.2859 20.3818 17.7792 15.448 13.3595 11.4948 9.83978 8.38172 7.10767 6.0043 5.05693 4.24891 6.81421 13.379 17.0068 20.8253 24.3103 27.3562 30 
30 26.5759 23.4292 20.5696 17.997 15.6883 13.6171 11.7664 10.1241 8.67653 7.40657 6.29633 5.32984 4.49355 8.31443 14.1083 17.5694 21.1928 24.5287 27.4168 30 
30 26.6387 23.5486 20.7248 18.1753 15.8891 13.8398 12.0034 10.3658 8.91732 7.6453 6.53293 5.56196 4.71591 9.6792 14.5444 18.1115 21.5012 24.6761 27.4618 30 
30 26.6854 23.6456 20.8596 18.3289 16.0549 14.0215 12.2024 10.5761 9.12865 7.85074 6.73089 5.75392 4.90291 10.8155 14.8851 18.5387 21.7868 24.7908 27.5097 30 
30 26.7211 23.7191 20.9715 18.4648 16.2 14.1727 12.3646 10.7509 9.31152 8.03324 6.90632 5.92015 5.06126 11.7053 15.2126 18.8434 22.0283 24.897 27.565 30 
30 26.7517 23.775 21.0584 18.5799 16.3297 14.3061 12.5005 10.8938 9.46343 8.19081 7.0627 6.06964 5.20157 12.3763 15.5435 19.0617 22.2081 24.9978 27.6226 30 
30 26.78 23.8214 21.125 18.6713 16.4411 14.426 12.6209 11.0146 9.5885 8.3223 7.19742 6.20283 5.32861 12.8724 15.8671 19.2337 22.3308 25.088 27.6746 30 
30 26.8057 23.8633 21.1792 18.7423 16.5314 14.53 12.7292 11.1217 9.69472 8.43033 7.30968 6.3174 5.44162 13.2348 16.1661 19.385 22.4154 25.164 27.7158 30 
30 26.8274 23.9018 21.2269 18.7994 16.6025 14.6156 12.824 11.2182 9.78911 8.52311 7.4035 6.41354 5.53895 13.4972 16.4265 19.5249 22.4818 25.2267 27.7459 30 
30 26.8444 23.9355 21.2705 18.8487 16.6597 14.684 12.9031 11.3031 9.87419 8.60574 7.48431 6.49446 5.62104 13.686 16.6408 19.6526 22.5429 25.2786 27.7682 30 
30 27.0232 24.5778 22.6303 21.0615 19.7344 18.5377 17.4028 16.302 15.2359 14.2184 13.2642 12.3836 11.5806 19.7563 22.7701 25.7411 28.5906 31.3145 33.7821 30 
30 27.6315 25.3099 22.862 20.4607 18.3405 16.6319 15.3394 14.3899 13.6866 13.1437 12.6985 12.3109 11.9574 20.5678 23.9452 27.1626 30.213 33.1053 28.2935 30 
30 26.9934 24.3167 22.3547 20.9226 19.7338 18.6313 17.5896 16.6408 15.8185 15.135 14.5818 14.1378 13.7776 22.4432 25.8939 29.1563 32.2571 25.8861 27.917 30 
30 27.0545 24.66 22.6813 21.13 19.9813 19.1298 18.4527 17.863 17.321 16.8201 16.3676 15.9711 15.6327 24.3288 27.8114 31.0936 23.0858 25.5432 27.6799 30 
30 26.3824 23.9671 22.3758 21.2212 20.328 19.6357 19.1054 18.6908 18.3471 18.0434 17.7652 17.5104 17.2819 26.0708 29.623 21.1997 23.2319 24.6785 26.8442 30 
30 24.7373 22.5281 21.419 20.7628 20.3027 19.9398 19.6446 19.4091 19.224 19.0755 18.9492 18.8351 18.7291 27.6242 20.5092 21.1395 21.8771 22.9066 24.9562 30 
25 20 20 20 20 20 20 20 20 20 20 20 20 20 20 20 20 20 20 20 25 
25 26.9676 23.6709 20.0022 17.3395 15.546 13.9305 12.1567 10.2826 8.51068 6.99931 5.80096 4.88232 4.37196 7.36882 16.029 16.5217 22.2297 23.798 27.9749 25 
30 26.7192 23.8381 20.8783 18.1006 15.7852 13.883 12.206 10.6233 9.11032 7.70766 6.46599 5.46307 5.81188 10.8753 16.0313 17.7755 22.3051 24.7153 27.661 30 
30 26.7691 23.8657 21.1628 18.5977 16.2544 14.1986 12.413 10.8343 9.40611 8.10126 6.91827 6.09812 7.81555 13.0891 16.105 19.0583 22.3618 25.1564 27.6389 30 
30 26.8663 23.9714 21.3215 18.8693 16.6044 14.5492 12.7173 11.0965 9.65796 8.37259 7.22034 6.79047 9.80478 14.1805 16.6887 19.8287 22.6775 25.3531 27.7163 30 
30 26.9433 24.0932 21.4704 19.0635 16.8522 14.8309 13.0032 11.3677 9.91208 8.61756 7.46538 7.59189 11.4218 14.7429 17.4088 20.3238 23.0107 25.5104 27.8205 30 
30 27.0025 24.2007 21.6073 19.227 17.0476 15.0552 13.2435 11.61 10.1481 8.84535 7.68643 8.49069 12.5684 15.196 17.9973 20.7203 23.2695 25.6614 27.9226 30 
30 27.0491 24.2911 21.7284 19.3687 17.2099 15.2395 13.4451 11.8192 10.3566 9.04913 7.88475 9.421 13.3117 15.6754 18.4237 21.0498 23.4747 25.7988 28.0043 30 
30 27.0861 24.3649 21.8332 19.4934 17.3487 15.3932 13.6139 11.9988 10.5396 9.22963 8.06037 10.3105 13.7819 16.1535 18.7522 21.3059 23.653 25.9226 28.0636 30 
30 27.1166 24.424 21.9208 19.6027 17.4709 15.5246 13.7555 12.1507 10.6983 9.38946 8.21676 11.1086 14.1045 16.5717 19.0337 21.4983 23.8098 26.0333 28.1095 30 
30 27.1434 24.4725 21.9917 19.6953 17.5786 15.6403 13.877 12.279 10.8336 9.52899 8.35595 11.7898 14.3672 16.9018 19.2833 21.6507 23.9428 26.128 28.1504 30 
30 27.1673 24.5145 22.05 19.7714 17.6707 15.7426 13.9841 12.3895 10.9485 9.64883 8.47778 12.3472 14.6143 17.1499 19.4972 21.7837 24.0531 26.2039 28.1884 30 
30 27.1877 24.552 22.1001 19.8341 17.7472 15.8309 14.0791 12.4872 11.0478 9.7502 8.58228 12.7871 14.8571 17.3378 19.671 21.9075 24.1454 26.2631 28.2216 30 
30 27.238 24.7394 22.5444 20.6552 19.0333 17.6192 16.3551 15.1986 14.1242 13.1183 12.1745 16.7908 18.8737 21.3514 23.7246 25.9774 28.2031 30.3037 32.2502 30 
30 27.5472 25.3952 23.3538 21.3319 19.3558 17.509 15.8691 14.4772 13.3342 12.4114 11.665 16.7245 19.0653 21.7533 24.3834 26.8866 29.2981 31.5559 28.7131 30 
30 27.5651 25.0839 22.8298 20.9826 19.5217 18.3173 17.2426 16.2286 15.2633 14.3656 13.5585 18.6512 20.9125 23.4731 26.0545 28.5716 30.9852 27.1572 28.5182 30 
30 27.4492 25.3186 23.4722 21.7809 20.2545 18.9491 17.8787 17.0036 16.2623 15.6035 14.9984 20.3165 22.6825 25.2292 27.8002 30.3318 25.215 26.7856 28.4432 30 
30 27.5009 25.2544 23.405 21.9291 20.7058 19.6418 18.7061 17.8983 17.2151 16.6396 16.1473 21.6477 24.1636 26.7805 29.4147 23.2361 25.178 26.7091 28.2874 30 
30 27.2579 25.0197 23.2513 21.8748 20.8101 19.9662 19.2635 18.6541 18.1194 17.6546 17.256 22.8828 25.5153 28.2003 21.7082 23.5607 24.6392 26.0563 27.8623 30 
30 26.5552 24.2191 22.6684 21.5721 20.7501 20.1161 19.6174 19.2118 18.8672 18.5641 18.2942 24.0448 26.7798 20.9727 21.8566 22.6594 23.6136 24.9329 26.9623 30 
30 24.804 22.645 21.5568 20.9102 20.469 20.1358 19.8705 19.655 19.4777 19.3286 19.1994 25.0877 20.6317 20.636 21.0955 21.4614 22.0417 23.0063 24.995 30 
25 20 20 20 20 20 20 20 20 20 20 20 20 20 20 20 20 20 20 20 25 
25 27.0813 23.8895 21.3345 19.3414 17.2794 15.062 12.9673 11.2102 9.8063 8.64843 7.6584 7.80513 12.4864 16.1897 16.7289 21.3953 22.6249 25.6794 27.8472 25 
30 27.1326 24.3267 21.6637 19.3583 17.3167 15.3782 13.5117 11.7825 10.2551 8.95377 8.18159 9.86333 14.3484 16.0346 18.6118 21.281 23.6544 25.7139 28.0067 30 
30 27.1556 24.4903 21.9508 19.6022 17.486 15.5672 13.7951 12.1512 10.6468 9.35483 9.13263 11.8532 15.0446 16.6566 19.467 21.6441 24.022 26.0111 28.1282 30 
30 27.2052 24.5871 22.1293 19.8297 17.7091 15.7761 14.0159 12.4069 10.9356 9.76878 10.3248 13.3231 15.4709 17.4646 19.9283 22.0637 24.2337 26.258 28.2311 30 
30 27.2582 24.6751 22.259 20.0045 17.9113 15.9845 14.2243 12.622 11.1645 10.215 11.5451 14.2362 15.9772 18.1148 20.3208 22.3974 24.4383 26.4369 28.3063 30 
30 27.3038 24.7565 22.3688 20.1441 18.0788 16.17 14.4167 12.8165 11.3621 10.7174 12.6294 14.793 16.5393 18.5954 20.6726 22.6689 24.639 26.573 28.365 30 
30 27.3412 24.8278 22.4661 20.2626 18.218 16.3277 14.5868 12.9918 11.5387 11.2721 13.4912 15.2024 17.0484 18.9839 20.963 22.9035 24.8231 26.6827 28.4155 30 
30 27.3719 24.8878 22.5513 20.3667 18.3372 16.4613 14.7331 13.1465 11.6967 11.8547 14.121 15.5794 17.4521 19.3182 21.2027 23.1066 24.9833 26.7768 28.4597 30 
30 27.3981 24.9376 22.6238 20.458 18.4419 16.5766 14.8583 13.2805 11.8363 12.4327 14.5603 15.951 17.7622 19.5983 21.4121 23.2803 25.1166 26.8609 28.4983 30 
30 27.421 24.9799 22.6847 20.5363 18.534 16.6781 14.967 13.3961 11.9578 12.9754 14.869 16.3006 18.014 19.8213 21.6004 23.4299 25.2256 26.9352 28.5327 30 
30 27.4478 25.0545 22.8498 20.8523 19.0631 17.4686 16.0471 14.772 13.6167 15.2649 17.1192 18.798 20.5656 22.4336 24.2809 26.13 27.9263 29.635 31.2188 30 
30 27.5725 25.3927 23.4139 21.5629 19.786 18.0719 16.4451 14.9449 13.6032 15.4613 17.0659 18.8512 20.6859 22.6572 24.6779 26.6782 28.614 30.4538 28.8719 30 
30 27.753 25.5529 23.3977 21.3972 19.6491 18.1733 16.9225 15.8261 14.8259 17.1807 18.7356 20.5682 22.3636 24.2429 26.2072 28.1507 30.0436 27.8145 28.8866 30 
30 27.6468 25.4933 23.6338 21.9942 20.4797 19.0601 17.7581 16.6045 15.6087 18.2515 19.8271 21.7909 23.725 25.684 27.7039 29.6744 26.581 27.6305 28.859 30 
30 27.8045 25.7776 23.8946 22.2193 20.785 19.5565 18.4713 17.485 16.5843 19.4289 20.9688 22.9297 24.928 26.9562 29.0397 25.0178 26.3007 27.6391 28.878 30 
30 27.7743 25.7755 24.0326 22.4963 21.1414 19.97 18.9738 18.1216 17.3749 20.4769 22.0989 24.0879 26.145 28.2306 23.4088 25.0169 26.2208 27.402 28.6837 30 
30 27.6966 25.6402 23.911 22.4924 21.3109 20.302 19.4334 18.6906 18.0578 21.3688 23.1138 25.1679 27.3097 22.2433 23.7749 24.6169 25.6877 26.954 28.383 30 
30 27.3863 25.242 23.5669 22.2683 21.254 20.4413 19.7657 19.1877 18.6881 22.1711 24.0319 26.1496 21.5716 22.4806 23.144 23.9475 24.9155 26.1978 27.8863 30 
30 26.6381 24.3569 22.8477 21.797 21.0215 20.4236 19.9462 19.5521 19.2169 22.8814 24.8767 21.1576 21.3154 21.9013 22.3137 22.9156 23.7474 24.9889 26.9709 30 
30 24.8389 22.7133 21.6479 21.0151 20.5868 20.2693 20.0202 19.8173 19.6474 23.4847 20.7178 20.5551 20.8058 21.0177 21.2512 21.5675 22.0873 23.0212 25.0026 30 
25 20 20 20 20 20 20 20 20 20 20 20 20 20 20 20 20 20 20 20 25 
25 27.2015 24.6242 22.4483 20.2175 17.9292 15.8785 14.173 12.7036 11.3384 10.3264 11.6494 15.4735 15.7775 18.4382 20.4311 22.6956 24.3097 26.7352 28.3334 25 
30 27.3539 24.7911 22.465 20.3263 18.2648 16.3 14.5089 12.9233 11.6058 11.3773 13.7158 15.9701 16.7363 19.3824 20.8371 23.1018 24.6962 26.7596 28.4542 30 
30 27.4145 24.9403 22.6084 20.4521 18.4461 16.5629 14.8076 13.2125 12.0794 12.6725 14.9935 16.2956 17.7771 19.8233 21.4493 23.3349 25.0826 26.8679 28.502 30 
30 27.4565 25.0392 22.7495 20.6035 18.608 16.7543 15.033 13.4882 12.7209 13.934 15.7077 16.8157 18.5083 20.2183 21.9068 23.6097 25.3567 27.0081 28.5574 30 
30 27.496 25.1152 22.8629 20.7438 18.7633 16.9222 15.2171 13.757 13.4646 14.9437 16.1844 17.4142 19.0155 20.6 22.2431 23.8858 25.5596 27.1364 28.6203 30 
30 27.5319 25.1814 22.9569 20.8631 18.9021 17.0744 15.3793 14.0441 14.2346 15.6519 16.621 17.9408 19.4247 20.9344 22.5215 24.1289 25.7238 27.2453 28.6779 30 
30 27.5626 25.2397 23.0386 20.9651 19.0219 17.2088 15.5241 14.3627 14.9566 16.1283 17.0613 18.358 19.7756 21.224 22.7644 24.3326 25.8651 27.3377 28.7259 30 
30 27.5887 25.2899 23.1102 21.0543 19.1258 17.3256 15.6515 14.7103 15.576 16.4758 17.4735 18.6962 20.0679 21.4801 22.9779 24.5016 25.9892 27.4177 28.7652 30 
30 27.6126 25.3417 23.2027 21.2089 19.3707 17.6923 16.1693 15.6457 16.8139 17.6925 18.9104 20.2233 21.6713 23.1758 24.7224 26.2681 27.7715 29.2001 30.5377 30 
30 27.6662 25.4976 23.5046 21.6677 19.9527 18.3308 16.789 16.4485 17.5003 18.1701 19.2956 20.5308 21.9193 23.4491 25.037 26.6379 28.2156 29.7238 28.9547 30 
30 27.8064 25.7421 23.7495 21.8271 20.0191 18.3774 16.9283 17.0448 18.257 19.1716 20.4622 21.8379 23.2721 24.8136 26.3746 27.9255 29.447 28.2211 29.1593 30 
30 27.8199 25.7061 23.763 22.0389 20.5013 19.0886 17.7616 18.147 19.194 20.1192 21.3583 22.7775 24.2806 25.8936 27.5268 29.1348 27.3749 28.237 29.1654 30 
30 27.876 25.946 24.1504 22.4571 20.8928 19.4917 18.2556 19.0104 20.065 21.1546 22.4129 23.8488 25.3731 26.9852 28.6348 26.2082 27.0925 28.1566 29.142 30 
30 27.964 26.0388 24.2857 22.718 21.3013 20.0054 18.8256 19.8146 20.8034 22.0175 23.3502 24.8604 26.4711 28.1262 24.9328 25.9878 27.0946 28.0974 29.0253 30 
30 27.9936 26.1347 24.4266 22.8896 21.5375 20.3541 19.3055 20.5706 21.5504 22.8505 24.2445 25.8083 27.5007 23.721 25.0203 25.9628 26.8744 27.8597 28.9019 30 
30 27.952 26.0756 24.4198 22.9705 21.705 20.6096 19.667 21.1855 22.2245 23.628 25.1138 26.7354 22.775 24.0443 24.7081 25.5485 26.5026 27.532 28.7218 30 
30 27.8147 25.8645 24.2176 22.8575 21.7273 20.7716 19.9544 21.6893 22.8049 24.3032 25.9058 22.2003 23.0021 23.5438 24.2113 24.9589 25.8839 27.0265 28.4269 30 
30 27.4672 25.3902 23.7794 22.5357 21.5611 20.7774 20.1281 22.0893 23.3173 24.9026 21.8514 22.0162 22.531 22.9217 23.4522 24.1274 25.0115 26.2467 27.9192 30 
30 26.6917 24.4526 22.9769 21.9575 21.2117 20.6386 20.18 22.3685 23.7435 21.436 21.2811 21.5868 21.7956 22.0969 22.4689 23.0046 23.7901 25.0218 26.9883 30 
30 24.8624 22.758 21.7102 21.0913 20.6749 20.3685 20.1293 22.5443 20.8165 20.6752 20.7407 20.8597 20.9346 21.089 21.3024 21.6095 22.1123 23.0378 25.0081 30 
25 20 20 20 20 20 20 20 20 20 20 20 20 20 20 20 20 20 20 20 25 
25 27.4716 25.2019 22.966 20.7218 18.702 16.9505 15.334 13.8446 13.3515 15.3766 16.8014 17.016 19.7234 20.4024 22.7232 23.7166 25.7858 27.1504 28.5562 25 
30 27.5484 25.2312 23.0622 20.9697 18.9779 17.1487 15.5112 14.3558 14.7934 16.5759 17.0784 18.2761 19.9431 21.1669 22.8389 24.3072 25.8822 27.3552 28.6997 30 
30 27.6079 25.3162 23.1544 21.1133 19.1794 17.3677 15.7872 15.0774 16.0226 17.1506 17.687 19.0901 20.3136 21.7135 23.1086 24.6479 26.0685 27.4738 28.7942 30 
30 27.6489 25.3965 23.2557 21.235 19.3317 17.5559 16.1343 15.9218 16.9107 17.5633 18.3558 19.607 20.751 22.0979 23.4403 24.8858 26.2504 27.5843 28.8504 30 
30 27.6824 25.4627 23.3488 21.3478 19.4629 17.7272 16.546 16.7414 17.4975 18.0084 18.914 20.0149 21.1443 22.4159 23.7399 25.0912 26.4089 27.6876 28.8939 30 
30 27.7119 25.5192 23.4293 21.4484 19.58 17.8995 17.0117 17.4319 17.9107 18.4711 19.3521 20.3722 21.4786 22.6981 23.9871 25.2761 26.547 27.7781 28.9341 30 
30 27.7381 25.5706 23.5076 21.5589 19.733 18.1758 17.6588 18.1956 18.5941 19.326 20.2605 21.3353 22.5212 23.7928 25.114 26.4269 27.7095 28.9398 30.0884 30 
30 27.7703 25.6543 23.6695 21.8216 20.1042 18.7369 18.5531 19.0095 19.3379 20.0262 20.864 21.8332 22.9561 24.1745 25.4535 26.757 28.0484 29.2978 29.0404 30 
30 27.8517 25.8368 23.9287 22.1011 20.3505 19.0526 19.0495 19.3827 19.8342 20.6214 21.6032 22.6966 23.9267 25.2128 26.5139 27.8101 29.0753 28.5006 29.3706 30 
30 27.9244 25.9078 23.976 22.1816 20.5536 19.5818 19.8901 20.2186 20.7852 21.5353 22.4812 23.5493 24.7607 26.0561 27.3858 28.7151 27.8141 28.6193 29.3495 30 
30 27.9343 26.0064 24.2343 22.5817 21.0191 20.2071 20.5598 20.8313 21.5032 22.33 23.3495 24.4944 25.7308 27.0298 28.3569 26.9707 27.6907 28.5062 29.2606 30 
30 28.0449 26.1896 24.4312 22.8039 21.3242 20.7961 21.2462 21.5574 22.2635 23.1138 24.1487 25.3512 26.6406 27.9881 26.0528 26.7736 27.6655 28.4898 29.2311 30 
30 28.087 26.2941 24.6303 23.0808 21.6457 21.3179 21.7778 22.1899 22.9643 23.9009 24.9819 26.2262 27.5523 25.0236 25.8947 26.8091 27.6139 28.3671 29.1882 30 
30 28.1356 26.3688 24.7328 23.2469 21.9018 21.8113 22.2672 22.7778 23.5922 24.6147 25.7766 27.0834 24.0941 25.13 25.869 26.5908 27.3742 28.2104 29.1054 30 
30 28.1309 26.3826 24.7791 23.3347 22.0544 22.1914 22.6724 23.3153 24.1854 25.2788 26.5197 23.3638 24.3795 24.8888 25.5458 26.2782 27.0564 27.9659 28.962 30 
30 28.0647 26.2797 24.6976 23.3171 22.1171 22.4605 22.971 23.7491 24.7114 25.8927 22.9085 23.5485 23.9586 24.4993 25.0809 25.7742 26.6117 27.6146 28.7569 30 
30 27.8973 26.0223 24.4379 23.1264 22.038 22.6046 23.1806 24.0866 25.1561 22.5974 22.7508 23.1434 23.4578 23.891 24.4315 25.0946 25.9729 27.0875 28.4503 30 
30 27.5262 25.4989 23.9337 22.7302 21.7881 22.593 23.2829 24.3276 22.2811 22.0675 22.3496 22.5109 22.7823 23.1167 23.5807 24.2084 25.0821 26.2902 27.9391 30 
30 26.7294 24.5224 23.0739 22.0789 21.3548 22.4263 23.275 21.804 21.5235 21.5486 21.6614 21.7602 21.9422 22.1981 22.5464 23.06 23.8328 25.046 27.0017 30 
30 24.8799 22.7908 21.7561 21.1487 20.7424 22.1204 21.0142 20.8998 20.8122 20.8255 20.8473 20.9202 21.0074 21.139 21.333 21.6357 22.1322 23.05 25.0139 30 
25 20 20 20 20 20 20 20 20 20 20 20 20 20 20 20 20 20 20 20 25 
25 27.7061 25.5133 23.3351 21.32 19.5041 17.7992 16.4765 16.7201 18.1012 17.9179 19.086 20.3089 21.1637 22.5914 23.7545 25.1196 26.4868 27.6487 28.9327 25 
30 27.7298 25.5718 23.4914 21.4988 19.646 18.0454 17.2833 17.9627 18.5335 18.6092 19.8606 20.6088 21.8148 22.8705 24.2272 25.3704 26.657 27.8322 28.9518 30 
30 27.7691 25.6306 23.59 21.6417 19.8249 18.4255 18.1532 18.7492 18.9064 19.3756 20.3254 21.0902 22.2034 23.2578 24.4985 25.6369 26.8176 27.9553 29.0067 30 
30 27.804 25.6919 23.6742 21.7563 20.0163 18.9141 18.9439 19.2376 19.3635 19.9734 20.7184 21.5386 22.5342 23.6041 24.73 25.8518 26.9703 28.0496 29.0607 30 
30 27.8333 25.7479 23.7533 21.866 20.249 19.4863 19.6168 19.7045 19.9817 20.6159 21.3454 22.2353 23.2397 24.3453 25.4685 26.6062 27.726 28.7962 29.8025 30 
30 27.8613 25.8094 23.8584 22.0422 20.6347 20.2111 20.3137 20.3635 20.7335 21.3131 21.9941 22.8351 23.7755 24.8029 25.866 26.9538 28.0355 29.0837 29.1476 30 
30 27.9092 25.9264 24.0515 22.3204 21.1145 20.8544 20.7821 20.8318 21.1988 21.7789 22.5096 23.4204 24.4396 25.522 26.6335 27.7457 28.8279 28.6874 29.5039 30 
30 27.9823 26.0437 24.1733 22.4719 21.4736 21.3459 21.2723 21.5004 21.9487 22.5782 23.3321 24.2223 25.2098 26.2577 27.3465 28.4506 28.0768 28.8484 29.4299 30 
30 28.0056 26.0919 24.3002 22.778 22.0812 22.0035 21.907 22.1563 22.5899 23.226 24.0344 24.9726 26.0026 27.0813 28.1793 27.4762 28.1385 28.7657 29.3574 30 
30 28.0748 26.2625 24.5392 23.1097 22.5806 22.4752 22.4695 22.797 23.2994 23.9603 24.791 25.7351 26.7726 27.8725 26.7858 27.3821 28.0795 28.7329 29.386 30 
30 28.1416 26.3657 24.6989 23.4397 23.1046 22.9706 23.0364 23.3721 23.9271 24.6443 25.5325 26.5242 27.5904 26.0295 26.6179 27.3697 28.0602 28.6958 29.3645 30 
30 28.1994 26.4899 24.8699 23.7397 23.5187 23.39 23.5687 23.948 24.5508 25.3162 26.2425 27.2829 25.2583 25.951 26.6822 27.3174 27.9284 28.6187 29.3125 30 
30 28.2362 26.5607 24.9934 24.0238 23.8785 23.7649 24.0221 24.4659 25.1339 25.9735 26.9462 24.5508 25.3618 25.9326 26.4958 27.1145 27.7813 28.5012 29.2415 30 
30 28.2553 26.5972 25.0538 24.2325 24.1435 24.0954 24.4179 24.9308 25.658 26.5758 24.0238 24.7923 25.1595 25.6652 26.2268 26.8255 27.5347 28.3133 29.1464 30 
30 28.2313 26.5685 25.0436 24.3579 24.2934 24.3358 24.73 25.3367 26.1374 23.6867 24.1644 24.4377 24.8458 25.2836 25.804 26.4365 27.1872 28.0438 29.0007 30 
30 28.1473 26.4329 24.9098 24.3626 24.3268 24.4775 24.9458 25.6561 23.4686 23.5355 23.796 24.015 24.3364 24.7502 25.2508 25.9041 26.7076 27.673 28.7884 30 
30 27.9591 26.1398 24.6041 24.1962 24.2123 24.4991 25.0657 23.2572 22.9841 23.1516 23.2325 23.434 23.6927 24.0595 24.5519 25.2014 26.0453 27.1326 28.4711 30 
30 27.5709 25.5824 24.0522 23.8145 23.9276 24.3798 22.9072 22.5103 22.4765 22.4974 22.558 22.7053 22.9288 23.2323 23.6719 24.2807 25.132 26.324 27.954 30 
30 26.7579 24.5757 23.1491 23.1697 23.4596 22.3561 21.9766 21.7764 21.7525 21.7241 21.7849 21.8793 22.0345 22.2642 22.6049 23.1046 23.8654 25.0667 27.0116 30 
30 24.8934 22.8161 21.7918 22.24 21.4164 21.2235 21.0043 20.9239 20.9083 20.8964 20.9157 20.9667 21.0477 21.1728 21.3611 21.6559 22.1475 23.0597 25.0187 30 
25 20 20 20 20 20 20 20 20 20 20 20 20 20 20 20 20 20 20 20 25 
25 27.8527 25.745 23.7383 21.8853 20.2218 19.3344 19.8131 19.8924 19.6642 20.8212 21.0302 22.1213 22.7801 24.0522 24.8899 26.1387 27.1163 28.144 29.1318 25 
30 27.8779 25.83 23.855 22.0214 20.6129 20.2365 20.5067 20.2139 20.4959 21.1659 21.5969 22.5129 23.2651 24.3305 25.2396 26.2906 27.3007 28.2405 29.1741 30 
30 27.9059 25.8885 23.9561 22.2221 21.1334 20.9882 20.9293 20.737 21.1622 21.6006 22.2095 22.9918 23.8697 24.8197 25.7984 26.7963 27.7896 28.7316 29.6302 30 
30 27.9345 25.9443 24.063 22.5046 21.747 21.616 21.398 21.4186 21.8091 22.2193 22.8535 23.5744 24.4256 25.2974 26.2285 27.1647 28.0937 28.9977 29.26 30 
30 27.969 26.0252 24.2356 22.9181 22.4027 22.1538 21.9109 21.9975 22.2928 22.7002 23.3161 24.0515 24.9046 25.8104 26.7661 27.725 28.665 28.8064 29.5588 30 
30 28.0249 26.1401 24.4455 23.3352 22.8882 22.5189 22.3656 22.5165 22.8538 23.3474 24.0004 24.7612 25.593 26.4762 27.3943 28.3187 28.2731 28.994 29.4698 30 
30 28.0665 26.2087 24.626 23.7517 23.3638 23.033 22.9927 23.1564 23.4799 23.9734 24.615 25.3809 26.2281 27.1327 28.0656 27.8035 28.4478 28.9489 29.4619 30 
30 28.1031 26.3327 24.9448 24.2617 23.8246 23.5165 23.5054 23.704 24.0749 24.6254 25.2986 26.0723 26.9194 27.8185 27.2742 27.8286 28.3742 28.9082 29.4883 30 
30 28.1765 26.4779 25.2394 24.6646 24.2208 24.0213 24.0511 24.2802 24.6698 25.2403 25.9423 26.7457 27.6235 26.7428 27.2158 27.7978 28.3564 28.9276 29.4731 30 
30 28.2252 26.6174 25.5653 25.0535 24.6061 24.4697 24.5344 24.8158 25.2656 25.8723 26.603 27.4283 26.1584 26.6277 27.2451 27.8045 28.3316 28.8977 29.4515 30 
30 28.2818 26.7568 25.8506 25.3618 24.9729 24.8975 25.0057 25.3204 25.824 26.4761 27.2518 25.5993 26.1279 26.6958 27.1897 27.6829 28.2559 28.8357 29.4237 30 
30 28.3211 26.89 26.1125 25.616 25.2931 25.2623 25.438 25.8034 26.36 27.0554 25.1016 25.7064 26.1238 26.5439 27.0202 27.5466 28.1226 28.7302 29.3678 30 
30 28.3455 26.994 26.3115 25.8155 25.5688 25.5715 25.8082 26.2358 26.8539 24.7534 25.2974 25.532 25.9018 26.3183 26.7703 27.3196 27.9266 28.5896 29.2869 30 
30 28.3475 27.0637 26.4309 25.9372 25.7648 25.8185 26.1194 26.616 24.5484 24.8572 24.9971 25.2715 25.5766 25.9555 26.4312 26.9985 27.651 28.3888 29.1805 30 
30 28.3091 27.0685 26.4518 25.9734 25.8605 25.979 26.3522 24.4546 24.4045 24.5186 24.6312 24.8353 25.1246 25.4895 25.9759 26.5708 27.2832 28.1078 29.0294 30 
30 28.2106 26.9704 26.3348 25.8912 25.8387 26.0403 24.3661 24.0133 24.0392 24.0103 24.1156 24.2807 24.5407 24.9093 25.3922 26.0083 26.7832 27.7208 28.8125 30 
30 28.0075 26.7111 26.0336 25.648 25.6724 24.215 23.6666 23.5176 23.4198 23.3958 23.4651 23.6177 23.8441 24.1871 24.6544 25.2798 26.1038 27.1687 28.4888 30 
30 27.6059 26.1845 25.4769 25.1963 23.9021 23.3027 22.9454 22.7973 22.6816 22.6736 22.717 22.8334 23.0299 23.3246 23.7444 24.3375 25.1727 26.3502 27.9663 30 
30 26.7803 25.205 24.565 23.345 22.7385 22.2962 22.0747 21.9415 21.866 21.8431 21.8751 21.9562 22.1018 22.3217 22.6501 23.1405 23.8912 25.0836 27.0194 30 
30 24.9041 23.4681 22.3091 21.79 21.397 21.1944 21.085 20.9956 20.9595 20.947 20.9605 21.0021 21.0796 21.1994 21.3832 21.6727 22.1596 23.0676 25.0226 30 
25 20 20 20 20 20 20 20 20 20 20 20 20 20 20 20 20 20 20 20 25 
25 27.9608 25.9818 24.1451 22.6935 22.2152 22.2101 21.5464 21.7734 22.1509 22.3115 23.1053 23.6134 24.6204 25.3519 26.3498 27.2686 28.1251 29.0581 29.8523 25 
30 27.9955 26.0618 24.3325 23.2263 22.9336 22.5597 22.124 22.4289 22.5641 23.0035 23.5539 24.2419 24.9957 25.824 26.6676 27.5517 28.3819 29.2123 29.616 30 
30 28.0263 26.1609 24.6324 23.8265 23.476 22.9731 22.788 22.9486 23.077 23.5128 23.9999 24.679 25.3765 26.1969 27.0272 27.8868 28.7351 29.0614 29.7611 30 
30 28.0727 26.3138 25.0276 24.3805 23.8738 23.3973 23.2999 23.3694 23.5786 24.0118 24.5558 25.2273 25.9482 26.7402 27.5472 28.3622 28.5477 29.2199 29.6595 30 
30 28.1315 26.493 25.4098 24.7873 24.2173 23.8784 23.8371 23.9244 24.1883 24.6005 25.1386 25.7702 26.4829 27.2559 28.0587 28.0857 28.7199 29.1622 29.6567 30 
30 28.1855 26.7037 25.8155 25.1962 24.666 24.4006 24.3436 24.4341 24.7219 25.1545 25.7162 26.3636 27.0826 27.8453 27.6567 28.1992 28.6454 29.1236 29.6287 30 
30 28.2817 26.9895 26.2042 25.5388 25.0698 24.8543 24.8361 24.9759 25.2905 25.7356 26.2953 26.9483 27.6749 27.2434 27.6953 28.1579 28.6282 29.1444 29.6121 30 
30 28.3874 27.2561 26.522 25.8805 25.4945 25.306 25.3064 25.481 25.8253 26.3062 26.8921 27.5635 26.8318 27.2005 27.6832 28.1571 28.6495 29.1259 29.5982 30 
30 28.5105 27.5284 26.8007 26.199 25.866 25.7248 25.7678 25.9887 26.359 26.8641 27.4768 26.4213 26.7728 27.2593 27.6984 28.1289 28.606 29.0865 29.5717 30 
30 28.636 27.7582 27.0374 26.5103 26.2131 26.1134 26.1946 26.4644 26.878 27.4181 26.0412 26.4224 26.8447 27.2136 27.6002 28.0639 28.5389 29.0338 29.5314 30 
30 28.7625 27.9503 27.2377 26.7785 26.5203 26.4715 26.5987 26.9081 27.3652 25.7368 26.1511 26.4266 26.719 27.0714 27.4778 27.9317 28.4237 28.9497 29.4845 30 
30 28.8725 28.0923 27.409 26.9998 26.7785 26.7757 26.9615 27.3186 25.55 25.8951 26.0057 26.2463 26.5319 26.8566 27.2717 27.7399 28.2639 28.8269 29.419 30 
30 28.9581 28.1766 27.5307 27.1585 26.9845 27.0251 27.2684 25.4867 25.6267 25.639 25.785 25.9654 26.2193 26.5626 26.9823 27.477 28.0451 28.6673 29.3302 30 
30 29.0058 28.2004 27.5876 27.2366 27.1141 27.2077 25.5216 25.3544 25.3213 25.3199 25.4061 25.5748 25.8176 26.1662 26.6021 27.1317 27.7498 28.4521 29.2139 30 
30 28.9989 28.1453 27.5529 27.2194 27.1489 25.583 25.1298 25.0112 24.8643 24.8577 24.9188 25.069 25.3195 25.6639 26.1128 26.6789 27.3615 28.1606 29.0559 30 
30 28.9159 27.982 27.3879 27.0786 25.6292 24.9566 24.6624 24.4319 24.3025 24.2694 24.3278 24.4619 24.7008 25.0414 25.5001 26.0942 26.845 27.7617 28.8336 30 
30 28.7148 27.6557 27.0414 25.6041 24.7903 24.2768 23.9679 23.7325 23.6234 23.5811 23.6215 23.7493 23.9661 24.2873 24.7367 25.3435 26.1509 27.1992 28.5046 30 
30 28.3052 27.0644 25.5064 24.5319 23.8223 23.4162 23.1216 22.9328 22.8242 22.7916 22.8222 22.9297 23.1135 23.3951 23.8028 24.3828 25.2062 26.3718 27.9772 30 
30 27.4646 25.2972 24.0548 23.2015 22.6922 22.3835 22.1522 22.0179 21.9401 21.9137 21.9371 22.0148 22.1522 22.3657 22.6861 23.1687 23.9119 25.0973 27.0262 30 
30 25.0205 23.0627 22.1313 21.6489 21.3706 21.1976 21.0888 21.0181 20.9808 20.9698 20.9849 21.0261 21.1007 21.2183 21.3991 21.6855 22.169 23.0738 25.0257 30 
25 20 20 20 20 20 20 20 20 20 20 20 20 20 20 20 20 20 20 20 25 
25 28.0781 26.3554 25.2369 24.8366 24.191 23.62 23.8442 23.6581 23.9711 24.2636 24.7966 25.3427 26.044 26.722 27.5343 28.2633 29.0719 29.1301 29.7231 25 
30 28.1549 26.6395 25.7888 25.2605 24.5184 24.2232 24.1998 24.1147 24.4146 24.6915 25.237 25.753 26.4583 27.137 27.8887 28.632 28.9632 29.2993 29.6945 30 
30 28.276 26.9968 26.2449 25.5468 24.9043 24.6968 24.5751 24.6291 24.8887 25.2374 25.7229 26.2571 26.8931 27.5597 28.264 28.4789 29.0797 29.2706 29.7041 30 
30 28.4269 27.3416 26.5851 25.8533 25.3675 25.1645 25.0429 25.1337 25.3583 25.7252 26.1878 26.7456 27.3673 28.0326 28.0792 28.6154 29.012 29.2819 29.6764 30 
30 28.6095 27.675 26.8958 26.2127 25.795 25.5684 25.4847 25.6042 25.8544 26.2343 26.7001 27.2538 27.8631 27.7207 28.1687 28.5551 28.9853 29.2993 29.6815 30 
30 28.8039 27.9376 27.1478 26.5523 26.1879 25.986 25.9454 26.0734 26.338 26.7236 27.2079 27.7736 27.4096 27.7598 28.1391 28.5433 28.9944 29.304 29.675 30 
30 28.9659 28.1378 27.4026 26.8828 26.547 26.3726 26.3765 26.5342 26.8271 27.2292 27.7264 27.1072 27.3837 27.7702 28.1554 28.5632 28.9664 29.2969 29.6584 30 
30 29.0926 28.2875 27.6285 27.1698 26.8837 26.7523 26.7935 26.9785 27.2972 27.7275 26.8327 27.0778 27.4463 27.78 28.123 28.5155 28.9209 29.2746 29.6418 30 
30 29.1724 28.4096 27.8339 27.4217 27.1821 27.1012 27.1863 27.4102 27.7579 26.5943 26.8495 27.1453 27.4045 27.6954 28.0596 28.4401 28.8486 29.2232 29.6148 30 
30 29.2165 28.508 27.9998 27.6406 27.4489 27.4183 27.5435 27.8108 26.434 26.6905 26.8471 27.033 27.2803 27.5826 27.9303 28.3197 28.7446 29.1533 29.5745 30 
30 29.2378 28.5902 28.1256 27.8164 27.6723 27.697 27.8676 26.3656 26.5523 26.5625 26.692 26.8669 27.0859 27.3894 27.7435 28.1514 28.599 29.0556 29.5232 30 
30 29.2444 28.6474 28.2128 27.9485 27.848 27.9228 26.3941 26.4056 26.3202 26.362 26.439 26.5882 26.8217 27.122 27.4914 27.9255 28.4109 28.9212 29.4543 30 
30 29.242 28.6705 28.253 28.0246 27.9698 26.4924 26.2546 26.1177 26.0272 26.0175 26.0867 26.2283 26.4643 26.7753 27.1656 27.6295 28.166 28.7462 29.3625 30 
30 29.2245 28.6477 28.2361 28.031 26.6291 26.1341 25.9196 25.6934 25.5986 25.5726 25.6306 25.7814 26.0133 26.3344 26.7486 27.2533 27.8486 28.5169 29.2411 30 
30 29.1767 28.5574 28.1393 26.7817 26.0738 25.6944 25.3733 25.1666 25.0509 25.0268 25.0793 25.2266 25.4616 25.7927 26.2261 26.7735 27.4381 28.2127 29.0778 30 
30 29.0722 28.3668 26.9713 26.0645 25.459 25.0401 24.7128 24.5188 24.4017 24.3701 24.4288 24.569 24.8 25.133 25.5806 26.1638 26.9015 27.801 28.8503 30 
30 28.863 27.2557 26.1063 25.2248 24.6594 24.2309 23.9384 23.7457 23.6462 23.6198 23.675 23.8063 24.0248 24.3444 24.7886 25.3893 26.1891 27.226 28.5159 30 
30 27.8583 26.2165 24.9929 24.1952 23.6599 23.2753 23.0295 22.8723 22.7906 22.777 22.8269 22.9435 23.1351 23.4197 23.8281 24.4066 25.2273 26.3868 27.9829 30 
30 26.9892 24.9854 23.7793 23.0485 22.5706 22.2681 22.0691 21.9488 21.8875 21.8789 21.9155 22.0029 22.1481 22.3671 22.6912 23.1753 23.9192 25.1027 27.0271 30 
30 25.0136 23.0369 22.1223 21.646 21.3558 21.1782 21.0653 20.9958 20.9595 20.9523 20.9705 21.0157 21.0932 21.2134 21.3966 21.6848 22.1694 23.0741 25.0244 30 
25 20 20 20 20 20 20 20 20 20 20 20 20 20 20 20 20 20 20 20 25 
25 28.5207 27.6562 26.9633 26.0101 25.6549 25.4376 25.1769 25.3889 25.4885 25.9656 26.3068 26.9262 27.4383 28.1023 28.7425 28.6634 29.181 29.392 29.7199 25 
30 28.7804 27.9909 27.1478 26.3881 26.0875 25.7655 25.6846 25.7793 25.9722 26.3247 26.7287 27.2567 27.8119 28.417 28.6403 28.833 29.1701 29.4309 29.7231 30 
30 28.99 28.1914 27.3604 26.7904 26.4514 26.1544 26.1094 26.1721 26.4035 26.7237 27.1588 27.6528 28.2065 28.2641 28.7221 28.8179 29.1779 29.4367 29.7379 30 
30 29.1288 28.3209 27.5851 27.1065 26.7571 26.5391 26.5125 26.6002 26.8289 27.1479 27.576 28.065 27.9624 28.3319 28.6635 28.8393 29.1951 29.46 29.7383 30 
30 29.1878 28.4097 27.7943 27.3743 27.0604 26.9014 26.8883 27.0059 27.2437 27.5833 28.0128 27.7041 27.9797 28.2971 28.6472 28.8778 29.1997 29.4689 29.7373 30 
30 29.2134 28.5072 27.9762 27.5951 27.3351 27.233 27.2566 27.4039 27.658 28.0134 27.483 27.6853 27.9924 28.3053 28.6444 28.8622 29.1803 29.4578 29.7323 30 
30 29.2356 28.6068 28.1361 27.8017 27.5957 27.5361 27.6 27.7815 28.0667 27.3009 27.4609 27.735 27.9868 28.2611 28.5849 28.8289 29.1433 29.4335 29.716 30 
30 29.2773 28.7115 28.2826 27.9908 27.8384 27.821 27.9256 28.1408 27.1575 27.3146 27.5099 27.6835 27.9 28.1866 28.4936 28.7575 29.0754 29.3919 29.694 30 
30 29.3327 28.813 28.4249 28.1703 28.0612 28.0826 28.2286 27.0733 27.2191 27.2912 27.3979 27.5643 27.785 28.0502 28.3597 28.648 28.9816 29.3253 29.6618 30 
30 29.3906 28.9039 28.5532 28.3359 28.2653 28.3235 27.06 27.1422 27.0886 27.1407 27.2351 27.376 27.5945 27.8616 28.18 28.4947 28.8565 29.2369 29.616 30 
30 29.4368 28.9798 28.66 28.4769 28.4396 27.1364 27.0664 26.9226 26.8953 26.9015 26.9744 27.1256 27.3365 27.6122 27.9457 28.2952 28.691 29.1208 29.5563 30 
30 29.4621 29.0293 28.7335 28.5828 27.2914 27.0082 26.8038 26.653 26.576 26.5742 26.6409 26.7918 27.0094 27.2965 27.6479 28.0389 28.4815 28.9705 29.4789 30 
30 29.4633 29.042 28.7599 27.5118 26.998 26.7109 26.4274 26.2647 26.1705 26.1568 26.2297 26.3751 26.6 26.903 27.281 27.7152 28.2163 28.779 29.3787 30 
30 29.4361 29.0043 27.7756 27.0637 26.6255 26.2325 25.9576 25.7697 25.6724 25.6535 25.7231 25.8723 26.1049 26.4215 26.8282 27.3115 27.8807 28.5344 29.2488 30 
30 29.371 28.1185 27.2161 26.5602 26.0577 25.6489 25.3697 25.1756 25.0705 25.0581 25.1246 25.275 25.5127 25.8426 26.2743 26.8075 27.453 28.2167 29.0777 30 
30 28.6247 27.4964 26.5634 25.8865 25.3413 24.9431 24.6545 24.4723 24.3744 24.3631 24.4304 24.5799 24.8164 25.1518 25.6004 26.1763 26.9008 27.7933 28.8435 30 
30 28.4137 27.0181 25.9815 25.1982 24.6088 24.1957 23.9056 23.7191 23.6244 23.6071 23.6661 23.8024 24.0236 24.3456 24.7907 25.3873 26.1779 27.2105 28.5052 30 
30 27.8942 26.2598 25.1065 24.2847 23.723 23.3318 23.0692 22.9016 22.8152 22.7948 22.8401 22.9527 23.1412 23.4234 23.8295 24.403 25.2156 26.3712 27.9733 30 
30 26.981 25.0333 23.8486 23.1034 22.6281 22.3176 22.1152 21.99 21.9252 21.9108 21.943 22.025 22.1652 22.3798 22.6999 23.1781 23.9138 25.0932 27.0226 30 
30 25.0113 23.0558 22.1431 21.6596 21.3729 21.1941 21.0812 21.0131 20.9772 20.9695 20.987 21.0309 21.1064 21.2243 21.405 21.689 22.168 23.0708 25.0244 30 
25 20 20 20 20 20 20 20 20 20 20 20 20 20 20 20 20 20 20 20 25 
25 29.3007 28.4215 27.6791 27.3812 26.9241 26.7795 26.7257 26.7948 27.0242 27.3051 27.7255 28.1723 28.6822 28.4855 28.8024 28.9827 29.2306 29.4855 29.7585 25 
30 29.2642 28.4434 27.9168 27.5443 27.1822 27.0881 27.0304 27.1608 27.3445 27.6707 28.0405 28.4983 28.5543 28.6095 28.8275 29.0237 29.2728 29.5246 29.7721 30 
30 29.2264 28.5225 28.0756 27.6914 27.4412 27.3541 27.3483 27.4791 27.6825 28.0056 28.3823 28.3008 28.5978 28.6076 28.8661 29.0675 29.3121 29.5441 29.7824 30 
30 29.2401 28.6424 28.2163 27.8637 27.6734 27.6012 27.6447 27.7895 28.0252 28.3466 28.0808 28.2946 28.5574 28.638 28.9096 29.0928 29.3261 29.5507 29.782 30 
30 29.3028 28.7693 28.357 28.0535 27.9009 27.8574 27.9294 28.0957 28.3563 27.9055 28.0506 28.2913 28.5439 28.6518 28.8901 29.0887 29.3188 29.5489 29.7765 30 
30 29.3795 28.8933 28.5112 28.2517 28.125 28.1135 28.2117 28.4051 27.7636 27.8689 28.073 28.2616 28.4801 28.609 28.849 29.0556 29.2873 29.5261 29.7644 30 
30 29.4469 29.0037 28.6631 28.4482 28.3502 28.3672 28.49 27.6665 27.7594 27.8864 28.001 28.1626 28.3882 28.5277 28.7668 28.988 29.2332 29.4875 29.7425 30 
30 29.4994 29.1007 28.8037 28.6286 28.5649 28.6129 27.6368 27.7035 27.7188 27.7713 27.8794 28.0382 28.2398 28.4014 28.6453 28.8879 29.1501 29.431 29.7123 30 
30 29.5403 29.1819 28.9281 28.7893 28.7603 27.685 27.684 27.5831 27.5776 27.6135 27.6966 27.8497 28.0485 28.2298 28.4821 28.7518 29.0395 29.3518 29.6718 30 
30 29.575 29.248 29.0306 28.9241 27.81 27.6793 27.4917 27.4091 27.3593 27.3743 27.4612 27.6024 27.8039 28.0067 28.2756 28.5739 28.8976 29.2504 29.6192 30 
30 29.602 29.2983 29.108 27.9972 27.6935 27.4468 27.2523 27.1227 27.0641 27.0714 27.1528 27.2957 27.5008 27.7246 28.0173 28.3517 28.7186 29.1233 29.5533 30 
30 29.6165 29.3264 28.2451 27.752 27.4304 27.1158 26.9054 26.7581 26.6862 26.6949 26.7691 26.9158 27.1304 27.38 27.6986 28.0756 28.496 28.9648 29.4712 30 
30 29.6121 28.5529 27.8887 27.4399 27.0171 26.701 26.4614 26.3062 26.2272 26.2305 26.3076 26.4591 26.6831 26.9598 27.3109 27.735 28.2196 28.7672 29.3683 30 
30 28.9475 28.1338 27.4975 26.9663 26.5163 26.1782 25.9237 25.7565 25.6801 25.6801 25.7594 25.9166 26.1524 26.4535 26.8396 27.3154 27.8742 28.5179 29.2372 30 
30 28.9354 27.9922 27.2308 26.5744 26.0617 25.6613 25.3762 25.1875 25.0923 25.0815 25.1533 25.3065 25.5453 25.8624 26.2774 26.8033 27.4422 28.2003 29.0678 30 
30 28.7318 27.6618 26.7567 26.0215 25.4612 25.0384 24.7353 24.5411 24.4367 24.4178 24.48 24.6243 24.8568 25.1784 25.6102 26.177 26.8958 27.7854 28.8407 30 
30 28.4597 27.1474 26.09 25.2947 24.7014 24.2752 23.9776 23.7879 23.6861 23.6643 23.7185 23.8504 24.0674 24.3783 24.8084 25.3961 26.1825 27.2143 28.5104 30 
30 27.9568 26.3419 25.1715 24.3518 23.7802 23.3842 23.117 22.9467 22.8559 22.8333 22.8759 22.9865 23.1732 23.4488 23.8443 24.4114 25.2235 26.3809 27.9809 30 
30 27.0186 25.0762 23.8898 23.1473 22.6693 22.3556 22.1512 22.0225 21.954 21.936 21.9654 22.045 22.1834 22.3934 22.706 23.1807 23.9197 25.1023 27.0274 30 
30 25.0216 23.0654 22.1584 21.6752 21.3903 21.2123 21.0996 21.0303 20.9933 20.9835 20.999 21.0412 21.1155 21.23 21.4062 21.69 22.1728 23.0759 25.0252 30 
25 20 20 20 20 20 20 20 20 20 20 20 20 20 20 20 20 20 20 20 25 
25 29.1645 28.6906 28.2896 27.9094 27.8224 27.6979 27.806 27.9015 28.175 28.4462 28.8454 28.4684 28.6683 28.7552 28.9426 29.1614 29.3809 29.5981 29.8089 25 
30 29.2948 28.846 28.4012 28.125 27.9915 27.9306 28.0139 28.1492 28.4119 28.7072 28.6553 28.5539 28.6803 28.814 29.0004 29.2089 29.4141 29.6171 29.8143 30 
30 29.4178 28.9665 28.5614 28.3286 28.1888 28.1702 28.2448 28.4119 28.6605 28.4437 28.6182 28.5626 28.7214 28.862 29.0289 29.2209 29.4232 29.6216 29.8155 30 
30 29.4941 29.0635 28.7257 28.5203 28.4049 28.4049 28.4927 28.6776 28.2946 28.4017 28.5948 28.5776 28.7343 28.8519 29.0281 29.2127 29.4148 29.611 29.8073 30 
30 29.541 29.1514 28.871 28.6954 28.6168 28.6376 28.7477 28.2013 28.2614 28.41 28.5498 28.5427 28.6966 28.8207 28.9939 29.1785 29.3829 29.5887 29.7931 30 
30 29.5783 29.2357 29.0012 28.8592 28.8141 28.8612 28.1597 28.196 28.2664 28.3342 28.4515 28.4804 28.6228 28.7514 28.9268 29.1201 29.3311 29.5504 29.7728 30 
30 29.6162 29.3173 29.1191 29.0124 28.9988 28.1727 28.1791 28.1492 28.1577 28.2186 28.3275 28.3607 28.5068 28.6454 28.8286 29.0335 29.2597 29.4984 29.7451 30 
30 29.6538 29.395 29.2277 29.1529 28.2463 28.1922 28.0619 28.0147 28.0063 28.0449 28.1462 28.1977 28.3457 28.4978 28.6945 28.9178 29.1643 29.4314 29.7107 30 
30 29.6879 29.4628 29.3244 28.3822 28.2225 28.0157 27.8983 27.8106 27.7828 27.8214 27.9095 27.98 28.1348 28.306 28.5189 28.7686 29.0439 29.3465 29.6679 30 
30 29.7165 29.5167 28.5748 28.2753 28.0145 27.7999 27.6384 27.5403 27.5026 27.5321 27.6181 27.7032 27.8669 28.0621 28.2992 28.5797 28.8937 29.2413 29.6145 30 
30 29.7365 28.8203 28.3711 28.0467 27.7272 27.4929 27.3121 27.1981 27.157 27.1763 27.2613 27.3628 27.5399 27.759 28.0268 28.3458 28.7077 29.1115 29.5478 30 
30 29.1202 28.5372 28.1136 27.6977 27.3691 27.1019 26.9079 26.7831 26.7323 26.7501 26.8354 26.9517 27.1448 27.3917 27.6937 28.0583 28.4782 28.9509 29.4646 30 
30 29.2201 28.5759 28.0012 27.4978 27.0902 26.7634 26.5224 26.3703 26.2938 26.2956 26.3719 26.4947 26.6965 26.9668 27.303 27.7156 28.2014 28.7553 29.3635 30 
30 29.1523 28.4112 27.7285 27.1596 26.687 26.3221 26.0535 25.8777 25.7871 25.7779 25.8469 25.9744 26.1839 26.4739 26.8439 27.307 27.8662 28.5161 29.2391 30 
30 29.044 28.1488 27.3601 26.7074 26.1817 25.776 25.4857 25.2927 25.1911 25.1737 25.2376 25.3679 25.5835 25.8896 26.291 26.8057 27.4458 28.209 29.0748 30 
30 28.8244 27.7474 26.846 26.1137 25.5472 25.1219 24.8192 24.6203 24.5133 24.4898 24.5471 24.6743 24.8882 25.2003 25.6224 26.1816 26.9031 27.796 28.8457 30 
30 28.4922 27.1845 26.1439 25.3504 24.7615 24.3374 24.0411 23.8504 23.7472 23.7224 23.7729 23.8913 24.0925 24.3944 24.8172 25.4003 26.1892 27.2209 28.5113 30 
30 27.9622 26.3568 25.1952 24.3804 23.813 23.4218 23.1565 22.9881 22.8978 22.8749 22.9162 23.0178 23.1922 23.4608 23.852 24.4176 25.2302 26.384 27.9806 30 
30 27.0176 25.0848 23.9007 23.1621 22.6874 22.3761 22.1728 22.0456 21.9778 21.9604 21.99 22.0646 22.1943 22.4002 22.713 23.1877 23.9236 25.1022 27.0275 30 
30 25.0223 23.0683 22.1629 21.681 21.3979 21.2209 21.109 21.0406 21.0044 20.9952 21.0109 21.0495 21.1187 21.2326 21.4102 21.6924 22.1722 23.0753 25.026 30 
25 20 20 20 20 20 20 20 20 20 20 20 20 20 20 20 20 20 20 20 25 
